1.000000000000000021e-08
1.499999999999999866e-08
2.999999999999999732e-08
9.999999999999999547e-08
1.499999999999999932e-07
1.799999999999999971e-07
1.999999999999999909e-07
2.200000000000000112e-07
2.499999999999999887e-07
2.700000000000000090e-07
2.999999999999999864e-07
3.300000000000000168e-07
3.499999999999999842e-07
3.700000000000000044e-07
3.999999999999999819e-07
4.499999999999999796e-07
4.999999999999999774e-07
5.999999999999999728e-07
6.999999999999999683e-07
7.999999999999999638e-07
9.999999999999999547e-07
1.500000000000000038e-06
3.000000000000000076e-06
1.000000000000000082e-05
