1.000000000000000062e-09
2.999999999999999980e-09
6.999999999999999816e-09
1.000000000000000021e-08
1.300000000000000060e-08
2.999999999999999732e-08
4.999999999999999774e-08
5.999999999999999464e-08
7.000000000000000477e-08
8.000000000000000167e-08
8.999999999999999857e-08
1.100000000000000056e-07
1.299999999999999994e-07
1.499999999999999932e-07
1.999999999999999909e-07
2.999999999999999864e-07
4.999999999999999774e-07
7.999999999999999638e-07
9.999999999999999547e-07
1.500000000000000038e-06
3.000000000000000076e-06
1.000000000000000082e-05
3.000000000000000076e-05
1.000000000000000048e-04
1.000000000000000021e-03
