1.000000000000000021e-08
2.000000000000000042e-08
4.999999999999999774e-08
7.000000000000000477e-08
9.999999999999999547e-08
1.499999999999999932e-07
1.999999999999999909e-07
2.499999999999999887e-07
2.800000000000000191e-07
2.999999999999999864e-07
3.300000000000000168e-07
3.499999999999999842e-07
3.599999999999999943e-07
3.800000000000000146e-07
4.300000000000000123e-07
4.999999999999999774e-07
9.999999999999999547e-07
1.500000000000000038e-06
1.999999999999999909e-06
2.500000000000000205e-06
5.000000000000000409e-06
1.000000000000000082e-05
3.000000000000000076e-05
1.000000000000000048e-04
5.000000000000000104e-04
1.000000000000000021e-03
