4.107560049172014381e-07 0.000000000000000000e+00 5.564062618260092499e-05 0.000000000000000000e+00 2.349547627559174555e-04 0.000000000000000000e+00 2.949358749198277433e-04 0.000000000000000000e+00 6.801722686963927646e-04 0.000000000000000000e+00 8.160945401302928783e-04 0.000000000000000000e+00
6.770843242598880656e-07 0.000000000000000000e+00 1.075614194504630330e-04 0.000000000000000000e+00 7.888856100389135019e-04 0.000000000000000000e+00 1.482817548349108731e-03 0.000000000000000000e+00 1.999772973634548340e-03 0.000000000000000000e+00 2.055501749543463264e-03 0.000000000000000000e+00
2.950800727754714796e-06 0.000000000000000000e+00 5.888189056751320710e-04 0.000000000000000000e+00 4.368278145142181004e-03 0.000000000000000000e+00 7.749779355842727722e-03 0.000000000000000000e+00 1.123501056114705084e-02 0.000000000000000000e+00 1.404768801429078645e-02 0.000000000000000000e+00
2.446895559246512242e-05 0.000000000000000000e+00 3.959454479394901652e-03 0.000000000000000000e+00 2.801656300007593012e-02 0.000000000000000000e+00 5.154970948749621612e-02 0.000000000000000000e+00 8.296321658457704584e-02 0.000000000000000000e+00 9.375851540686276631e-02 0.000000000000000000e+00
3.920470086957044168e-05 0.000000000000000000e+00 4.325888311298748887e-03 0.000000000000000000e+00 3.486849351409039566e-02 0.000000000000000000e+00 6.783347661905297921e-02 0.000000000000000000e+00 1.039383140421854673e-01 0.000000000000000000e+00 1.444054779739525063e-01 0.000000000000000000e+00
3.240492675469088901e-05 0.000000000000000000e+00 4.712574098756797635e-03 0.000000000000000000e+00 3.609639382487972448e-02 0.000000000000000000e+00 8.420461728615442898e-02 0.000000000000000000e+00 1.301740907651776913e-01 0.000000000000000000e+00 1.650582143756306464e-01 0.000000000000000000e+00
3.554543283442509333e-05 0.000000000000000000e+00 5.596974771702455630e-03 0.000000000000000000e+00 4.378933603086342802e-02 0.000000000000000000e+00 8.069696246222540781e-02 0.000000000000000000e+00 1.171681764159562544e-01 0.000000000000000000e+00 1.767268541225330281e-01 0.000000000000000000e+00
2.486880050470502020e-05 0.000000000000000000e+00 4.917681726246388683e-03 0.000000000000000000e+00 4.180804848969436188e-02 0.000000000000000000e+00 8.783222317529386369e-02 0.000000000000000000e+00 1.332014277499173061e-01 0.000000000000000000e+00 1.703304756780983364e-01 0.000000000000000000e+00
4.006462664383643175e-05 0.000000000000000000e+00 3.991062802789267436e-03 0.000000000000000000e+00 3.615451160779329515e-02 0.000000000000000000e+00 8.404416616542458029e-02 0.000000000000000000e+00 1.412338828473531926e-01 0.000000000000000000e+00 1.666394368763525480e-01 0.000000000000000000e+00
3.157885901256914020e-05 0.000000000000000000e+00 4.852751534223051846e-03 0.000000000000000000e+00 4.163584538428002219e-02 0.000000000000000000e+00 7.616249990213466714e-02 0.000000000000000000e+00 1.273791485813527691e-01 0.000000000000000000e+00 1.678471666459848133e-01 0.000000000000000000e+00
3.484545247212351933e-05 0.000000000000000000e+00 4.680501641735605733e-03 0.000000000000000000e+00 3.832170578456738780e-02 0.000000000000000000e+00 8.629114032193918593e-02 0.000000000000000000e+00 1.188565684064399330e-01 0.000000000000000000e+00 1.876088369620581842e-01 0.000000000000000000e+00
2.711352094082266110e-05 0.000000000000000000e+00 3.755981485845151253e-03 0.000000000000000000e+00 3.069241332273606182e-02 0.000000000000000000e+00 8.833330918012800848e-02 0.000000000000000000e+00 1.238737759221272966e-01 0.000000000000000000e+00 1.764323499800538320e-01 0.000000000000000000e+00
2.853800966057228942e-05 0.000000000000000000e+00 3.780964471770704039e-03 0.000000000000000000e+00 3.388854381500615992e-02 0.000000000000000000e+00 7.154174733185184043e-02 0.000000000000000000e+00 1.158394857328051281e-01 0.000000000000000000e+00 1.660806369527938753e-01 0.000000000000000000e+00
2.043049875195474389e-05 0.000000000000000000e+00 3.414333762041889524e-03 0.000000000000000000e+00 3.257388938802345535e-02 0.000000000000000000e+00 7.447167352975339605e-02 0.000000000000000000e+00 1.258225239799184436e-01 0.000000000000000000e+00 1.808715981658504945e-01 0.000000000000000000e+00
2.753795562295059774e-05 0.000000000000000000e+00 3.305441756676707511e-03 0.000000000000000000e+00 2.704753203054824709e-02 0.000000000000000000e+00 5.970207364856824211e-02 0.000000000000000000e+00 1.210633898544544312e-01 0.000000000000000000e+00 1.606001757476368252e-01 0.000000000000000000e+00
1.939942878178109253e-05 0.000000000000000000e+00 2.588332998855909055e-03 0.000000000000000000e+00 2.519557468383411269e-02 0.000000000000000000e+00 6.604635594173849378e-02 0.000000000000000000e+00 1.147511207384785958e-01 0.000000000000000000e+00 1.463479135260331576e-01 0.000000000000000000e+00
1.211050353323172146e-05 0.000000000000000000e+00 2.991957957550300719e-03 0.000000000000000000e+00 2.548916400602392954e-02 0.000000000000000000e+00 6.010305045090912068e-02 0.000000000000000000e+00 9.633930998690549974e-02 0.000000000000000000e+00 1.444252900534349071e-01 0.000000000000000000e+00
1.324271583240148018e-05 0.000000000000000000e+00 1.895088443822095245e-03 0.000000000000000000e+00 1.862809412718995083e-02 0.000000000000000000e+00 4.500256988936000152e-02 0.000000000000000000e+00 9.416347282525015794e-02 0.000000000000000000e+00 1.152996568963454010e-01 0.000000000000000000e+00
9.232374096948113578e-06 0.000000000000000000e+00 1.418565051600308114e-03 0.000000000000000000e+00 1.780267631679840687e-02 0.000000000000000000e+00 3.604662818181970235e-02 0.000000000000000000e+00 7.505428843750662493e-02 0.000000000000000000e+00 1.090450483305257512e-01 0.000000000000000000e+00
7.800154752318161306e-06 0.000000000000000000e+00 1.216877900786557430e-03 0.000000000000000000e+00 1.505172602790357493e-02 0.000000000000000000e+00 3.653533938999992819e-02 0.000000000000000000e+00 6.512616846203267418e-02 0.000000000000000000e+00 1.018530135054246805e-01 0.000000000000000000e+00
4.408685874286101506e-06 0.000000000000000000e+00 7.068631821362357385e-04 0.000000000000000000e+00 9.189326651851216499e-03 0.000000000000000000e+00 2.075887147289546056e-02 0.000000000000000000e+00 4.616747210340083757e-02 0.000000000000000000e+00 6.323532177581189795e-02 0.000000000000000000e+00
1.721673846984338006e-06 0.000000000000000000e+00 3.469040224578917044e-04 0.000000000000000000e+00 4.175328411369849495e-03 0.000000000000000000e+00 1.315517179873075537e-02 0.000000000000000000e+00 1.950934029897139280e-02 0.000000000000000000e+00 4.496008680534215041e-02 0.000000000000000000e+00
2.391666946539601665e-07 0.000000000000000000e+00 5.852130275574359567e-05 0.000000000000000000e+00 7.896710805020798647e-04 0.000000000000000000e+00 2.405637329740707795e-03 0.000000000000000000e+00 5.289663422646633840e-03 0.000000000000000000e+00 9.665728789194178924e-03 0.000000000000000000e+00
1.196558230072867360e-08 0.000000000000000000e+00 2.219886410944404210e-06 0.000000000000000000e+00 2.559111961668657746e-05 0.000000000000000000e+00 9.092069602720240294e-05 0.000000000000000000e+00 2.745700969613780766e-04 0.000000000000000000e+00 4.480218951448139029e-04 0.000000000000000000e+00
